Pop	Tree	Family	State	Region	Date	Latitude	Longitude	Elevation	DBH	bio1_13	bio2_13	bio3_13	bio4_13	bio5_13	bio6_13	bio7_13	bio8_13	bio9_13	bio10_13	bio11_13	bio12_13	bio13_13	bio14_13	bio15_13	bio16_13	bio17_13	bio18_13	bio19_13
AB	5	AB_05	TN	E	9002016	35.55297	-83.49438	1812	57.7	70	104	34	7058	214	-85	299	68	122	158	-24	2006	197	143	7	537	463	509	492
AB	8	AB_08	TN	E	9002016	35.55212	-83.49259	1785	44.3	70	104	34	7058	214	-85	299	68	122	158	-24	2006	197	143	7	537	463	509	492
AB	12	AB_12	TN	E	9002016	35.5389	-83.49463	1750	36.8	79	110	36	7021	226	-78	304	77	131	166	-15	1923	191	134	8	516	439	487	478
AB	16	AB_16	TN	E	9002016	35.53882	-83.49534	1738	44	79	110	36	7021	226	-78	304	77	131	166	-15	1923	191	134	8	516	439	487	478
AB	18	AB_18	TN	E	9002016	35.53945	-83.49375	1769	68.2	79	110	36	7021	226	-78	304	77	131	166	-15	1923	191	134	8	516	439	487	478
ALB	1	ALB_01	ME	C	11112017	44.3067	-70.84019	455	28.1	46	120	29	9718	243	-160	403	0	-72	167	-85	1237	129	85	11	347	270	319	284
ALB	2	ALB_02	ME	C	11112017	44.30564	-70.84081	524	11.3	46	120	29	9718	243	-160	403	0	-72	167	-85	1237	129	85	11	347	270	319	284
ALB	3	ALB_03	ME	C	11112017	44.30359	-70.84096	523	19.9	46	120	29	9718	243	-160	403	0	-72	167	-85	1237	129	85	11	347	270	319	284
ALB	5	ALB_05	ME	C	11112017	44.30182	-70.83729	573	11.9	46	120	29	9718	243	-160	403	0	-72	167	-85	1237	129	85	11	347	270	319	284
ALB	6	ALB_06	ME	C	11112017	44.30061	-70.83641	589	12.3	46	120	29	9718	243	-160	403	0	-72	167	-85	1237	129	85	11	347	270	319	284
APP	1	APP_01	VT	C	9022017	44.20933	-72.9295	743	6.3	36	106	27	9704	226	-161	387	156	-83	156	-94	1288	138	74	16	379	247	379	261
APP	2	APP_02	VT	C	9022017	44.21172	-72.92999	780	4.4	36	106	27	9704	226	-161	387	156	-83	156	-94	1288	138	74	16	379	247	379	261
APP	3	APP_03	VT	C	9022017	44.22097	-72.92639	896	9	33	105	27	9667	222	-162	384	153	-85	153	-96	1322	141	76	16	387	255	387	270
APP	4	APP_04	VT	C	9292017	44.2114	-72.93122	741	9.3	36	106	27	9704	226	-161	387	156	-83	156	-94	1288	138	74	16	379	247	379	261
APP	5	APP_05	VT	C	9272017	44.21034	-72.93051	733	26.3	36	106	27	9704	226	-161	387	156	-83	156	-94	1288	138	74	16	379	247	379	261
APP	6	APP_06	VT	C	9272017	44.21235	-72.93502	658	25	42	109	27	9758	235	-157	392	163	-77	163	-89	1204	131	68	17	358	227	358	240
ASC	1	ASC_01	VT	C	10162017	43.43787	-72.45218	883	20	41	112	29	9418	231	-152	383	158	-74	158	-85	1331	127	91	10	357	287	357	299
ASC	2	ASC_02	VT	C	10162017	43.43983	-72.45328	847	14.2	41	112	29	9418	231	-152	383	158	-74	158	-85	1331	127	91	10	357	287	357	299
ASC	3	ASC_03	VT	C	10162017	43.44192	-72.45589	861	26	35	107	28	9314	221	-154	375	152	-78	152	-88	1408	134	97	9	376	306	376	318
ASC	4	ASC_04	VT	C	10162017	43.4426	-72.45713	870	19.5	35	107	28	9314	221	-154	375	152	-78	152	-88	1408	134	97	9	376	306	376	318
ASC	5	ASC_05	VT	C	10162017	43.44376	-72.45867	879	18.3	45	114	29	9452	237	-150	387	162	-70	162	-82	1277	122	87	10	343	274	343	286
ASC	6	ASC_06	VT	C	10162017	43.44379	-72.45434	967	21.7	35	107	28	9314	221	-154	375	152	-78	152	-88	1408	134	97	9	376	306	376	318
B	2	B_02	VT	C	2192016	44.10929	-73.0714	311	NA	47	112	28	9754	243	-153	396	168	-72	168	-84	1153	127	65	17	344	215	344	227
B	3	B_03	VT	C	2192016	44.10897	-73.0712	325	NA	47	112	28	9754	243	-153	396	168	-72	168	-84	1153	127	65	17	344	215	344	227
B	4	B_04	VT	C	2192016	44.10908	-73.0713	328	NA	47	112	28	9754	243	-153	396	168	-72	168	-84	1153	127	65	17	344	215	344	227
B	5	B_05	VT	C	2192016	44.10836	-73.0715	310	NA	47	112	28	9754	243	-153	396	168	-72	168	-84	1153	127	65	17	344	215	344	227
B	6	B_06	VT	C	2192016	44.10889	-73.0714	321	NA	47	112	28	9754	243	-153	396	168	-72	168	-84	1153	127	65	17	344	215	344	227
BAL	1	BAL_01	NY	C	8302017	44.1528	-73.64591	570	4.8	49	119	29	9737	247	-154	401	159	-70	169	-82	1030	116	60	18	309	194	308	202
BAL	2	BAL_02	NY	C	8302017	44.1517	-73.65127	620	33	45	117	29	9707	242	-157	399	155	-74	166	-85	1070	120	62	18	321	202	320	210
BAL	3	BAL_03	NY	C	8302017	44.15337	-73.65371	650	13.5	45	117	29	9707	242	-157	399	155	-74	166	-85	1070	120	62	18	321	202	320	210
BAL	4	BAL_04	NY	C	8302017	44.15409	-73.65688	670	26.7	45	117	29	9707	242	-157	399	155	-74	166	-85	1070	120	62	18	321	202	320	210
BAL	5	BAL_05	NY	C	8302017	44.15415	-73.65799	698	22	45	117	29	9707	242	-157	399	155	-74	166	-85	1070	120	62	18	321	202	320	210
BAL	10	BAL_10	NY	C	8302017	44.16008	-73.66681	918	6.7	37	113	28	9640	229	-161	390	156	-81	156	-92	1161	127	68	17	343	223	343	232
BBE	1	BBE_01	NH	C	10132017	43.83596	-71.55484	365	30.5	51	125	30	9600	252	-154	406	4	-65	170	-79	1203	119	83	10	329	257	320	274
BBE	2	BBE_02	NH	C	10132017	43.83457	-71.54906	368	24.1	51	126	31	9604	252	-154	406	4	-65	171	-78	1203	120	83	11	330	257	320	274
BBE	3	BBE_03	NH	C	10142017	43.83484	-71.53966	373	25.4	52	126	31	9556	253	-153	406	5	-63	171	-77	1197	119	83	10	328	256	317	274
BBE	4	BBE_04	NH	C	10142017	43.83367	-71.53963	383	23.5	52	126	31	9556	253	-153	406	5	-63	171	-77	1197	119	83	10	328	256	317	274
BBE	5	BBE_05	NH	C	10142017	43.83176	-71.54305	374	29	53	127	31	9618	255	-154	409	6	-63	173	-77	1181	117	82	10	323	253	314	270
BER	1	BER_01	ME	C	11262017	44.69079	-70.37595	481	7.6	47	121	29	9889	248	-162	410	2	-73	170	-86	1118	115	71	11	310	237	297	248
BER	2	BER_02	ME	C	11262017	44.69043	-70.37637	487	11.1	47	121	29	9889	248	-162	410	2	-73	170	-86	1118	115	71	11	310	237	297	248
BER	3	BER_03	ME	C	11262017	44.68987	-70.37686	482	9	47	121	29	9889	248	-162	410	2	-73	170	-86	1118	115	71	11	310	237	297	248
BER	4	BER_04	ME	C	11262017	44.68953	-70.37609	487	4.5	47	121	29	9889	248	-162	410	2	-73	170	-86	1118	115	71	11	310	237	297	248
BER	5	BER_05	ME	C	11262017	44.68899	-70.37624	492	8	47	121	29	9889	248	-162	410	2	-73	170	-86	1118	115	71	11	310	237	297	248
BER	6	BER_06	ME	C	11262017	44.68834	-70.37627	496	14.3	47	121	29	9889	248	-162	410	2	-73	170	-86	1118	115	71	11	310	237	297	248
BFA	1	BFA_01	WV	E	9282017	38.4766	-79.7229	1348	21.8	69	110	33	7883	229	-102	331	150	-38	166	-38	1411	135	103	8	386	319	374	319
BFA	2	BFA_02	WV	E	9282017	38.47666	-79.71849	1325	14.6	69	110	33	7883	229	-102	331	150	-38	166	-38	1411	135	103	8	386	319	374	319
BFA	3	BFA_03	WV	E	9282017	38.47696	-79.71696	1336	37.2	69	110	33	7883	229	-102	331	150	-38	166	-38	1411	135	103	8	386	319	374	319
BFA	4	BFA_04	WV	E	9282017	38.47797	-79.7165	1333	21.6	73	112	33	7870	234	-99	333	152	-34	169	-34	1371	132	99	8	376	309	366	309
BFA	5	BFA_05	WV	E	9282017	38.47892	-79.71738	1328	65.6	69	110	33	7883	229	-102	331	150	-38	166	-38	1411	135	103	8	386	319	374	319
BLA	1	BLA_01	PA	M	9132017	41.11477	-75.59536	475	48.1	74	114	31	8854	258	-106	364	164	-33	184	-44	1172	117	74	13	339	239	328	242
BLA	2	BLA_02	PA	M	9132017	41.11296	-75.59274	499	25.3	74	114	31	8854	258	-106	364	164	-33	184	-44	1172	117	74	13	339	239	328	242
BLA	3	BLA_03	PA	M	9132017	41.11094	-75.58869	513	34.7	74	114	31	8802	258	-106	364	163	-32	183	-44	1176	117	75	13	339	241	328	244
BLA	4	BLA_04	PA	M	9132017	41.11113	-75.58817	513	58.7	74	114	31	8802	258	-106	364	163	-32	183	-44	1176	117	75	13	339	241	328	244
BLA	5	BLA_05	PA	M	9132017	41.11547	-75.59589	510	30.6	74	114	31	8854	258	-106	364	164	-33	184	-44	1172	117	74	13	339	239	328	242
BRA	1	BRA_01	PA	M	9132017	41.15817	-75.53619	520	37.6	72	114	31	8839	256	-108	364	161	-35	182	-46	1180	118	76	13	339	244	326	246
BRA	2	BRA_02	PA	M	9132017	41.15854	-75.53651	531	18.5	73	114	31	8863	257	-109	366	163	-35	183	-46	1173	117	76	13	337	242	324	245
BRA	3	BRA_03	PA	M	9132017	41.16102	-75.53809	528	24.3	73	114	31	8863	257	-109	366	163	-35	183	-46	1173	117	76	13	337	242	324	245
BRA	4	BRA_04	PA	M	9132017	41.16406	-75.54375	531	15.1	72	114	31	8862	257	-109	366	163	-35	183	-46	1173	117	75	13	338	241	325	244
BRA	5	BRA_05	PA	M	9132017	41.15577	-75.52876	539	NA	71	113	31	8816	254	-109	363	160	-36	181	-47	1189	119	77	12	340	247	326	249
BRB	1	BRB_01	WV	E	10022017	39.11781	-79.58277	988	59.5	75	118	34	8001	244	-97	341	157	88	174	-33	1383	134	97	10	392	311	382	316
BRB	2	BRB_02	WV	E	10022017	39.11853	-79.58482	985	43.6	75	119	34	7984	245	-97	342	157	88	174	-33	1382	134	97	11	392	310	382	316
BRB	3	BRB_03	WV	E	10022017	39.11863	-79.58606	983	22	75	119	34	7984	245	-97	342	157	88	174	-33	1382	134	97	11	392	310	382	316
BRB	4	BRB_04	WV	E	10022017	39.11602	-79.58139	986	7	76	120	35	7996	246	-96	342	157	89	175	-32	1370	134	96	11	390	306	380	313
BRU	2	BRU_02	PA	M	9112017	41.35133	-75.17426	539	18.2	69	117	31	8923	253	-117	370	159	-39	180	-51	1147	115	75	12	326	241	314	243
BRU	3	BRU_03	PA	M	9112017	41.34784	-75.20009	551	44.5	69	116	31	8905	252	-117	369	159	-39	179	-51	1147	115	76	12	326	242	313	244
BRU	4	BRU_04	PA	M	9112017	41.3456	-75.20216	559	14	69	116	31	8905	252	-117	369	159	-39	179	-51	1147	115	76	12	326	242	313	244
BRU	5	BRU_05	PA	M	9152017	41.34357	-75.20504	570	38	69	116	31	8905	252	-117	369	159	-39	179	-51	1147	115	76	12	326	242	313	244
BRU	6	BRU_06	PA	M	9152017	41.34406	-75.20509	570	10	69	116	31	8905	252	-117	369	159	-39	179	-51	1147	115	76	12	326	242	313	244
CAM	1	CAM_01	VT	C	10112017	44.30394	-72.91039	538	31.5	46	110	27	9867	243	-154	397	169	-74	169	-86	1130	125	62	18	343	207	343	219
CAM	2	CAM_02	VT	C	10112017	44.31687	-72.90208	808	64.6	32	103	26	9731	221	-163	384	153	-86	153	-97	1324	142	75	16	392	252	392	268
CAM	3	CAM_03	VT	C	10112017	44.32212	-72.88999	1102	21.1	17	95	25	9643	199	-173	372	137	-100	137	-111	1572	162	92	15	451	311	451	331
CAM	4	CAM_04	VT	C	10112017	44.3215	-72.89375	999	34.2	29	101	26	9719	216	-165	381	149	-90	149	-101	1390	147	80	16	407	269	407	286
CAM	5	CAM_05	VT	C	10112017	44.32146	-72.89611	927	18.6	29	101	26	9719	216	-165	381	149	-90	149	-101	1390	147	80	16	407	269	407	286
CAM	6	CAM_06	VT	C	10112017	44.32074	-72.89718	909	25.6	29	101	26	9719	216	-165	381	149	-90	149	-101	1390	147	80	16	407	269	407	286
CRR	1	CRR_01	PA	M	9122017	41.37048	-76.26347	674	18.2	65	107	30	8769	246	-109	355	154	-52	174	-52	1053	113	62	19	324	196	313	196
CRR	2	CRR_02	PA	M	9122017	41.37093	-76.26328	668	21.9	65	107	30	8769	246	-109	355	154	-52	174	-52	1053	113	62	19	324	196	313	196
CR	3	CR_03	NC	E	9002016	35.748862	-82.272246	1819	37.3	75	103	35	6898	215	-79	294	145	-17	161	-17	1774	167	125	9	480	392	477	392
CR	4	CR_04	NC	E	9002016	35.750184	-82.270068	1811	42.8	67	98	33	6911	206	-84	290	138	-25	153	-25	1850	173	131	9	501	409	497	409
CR	5	CR_05	NC	E	9002016	35.75331	-82.270147	1792	31.9	67	98	33	6911	206	-84	290	138	-25	153	-25	1850	173	131	9	501	409	497	409
CR	6	CR_06	NC	E	9002016	35.755691	-82.269877	1776	39.3	67	98	33	6911	206	-84	290	138	-25	153	-25	1850	173	131	9	501	409	497	409
CR	7	CR_07	NC	E	9002016	35.758106	-82.267885	1763	27.9	67	98	33	6911	206	-84	290	138	-25	153	-25	1850	173	131	9	501	409	497	409
CRA	1	CRA_01	WV	E	9272017	38.1888	-80.27092	1072	57.3	82	120	35	7845	245	-92	337	163	-24	178	-24	1365	140	100	10	383	312	374	312
CRA	2	CRA_02	WV	E	9272017	38.19923	-80.27311	1026	8.9	85	122	35	7850	249	-90	339	165	-22	181	-22	1346	139	98	10	379	307	371	307
CRA	3	CRA_03	WV	E	9272017	38.19989	-80.27286	1023	15	85	122	35	7850	249	-90	339	165	-22	181	-22	1346	139	98	10	379	307	371	307
CRA	4	CRA_04	WV	E	9272017	38.20064	-80.27233	1023	12.6	84	121	35	7857	248	-91	339	164	95	180	-23	1356	140	99	10	381	310	373	310
CRA	5	CRA_05	WV	E	9272017	38.20126	-80.27228	1021	8.6	84	121	35	7857	248	-91	339	164	95	180	-23	1356	140	99	10	381	310	373	310
CRA	6	CRA_06	WV	E	9272017	38.19853	-80.27083	1026	45.8	85	122	35	7850	249	-90	339	165	-22	181	-22	1346	139	98	10	379	307	371	307
DG	4	DG_04	NC	E	9002016	35.78115	-82.2597	1955	40.1	68	98	33	6918	207	-84	291	139	-24	155	-24	1826	170	129	9	496	403	492	403
DG	5	DG_05	NC	E	9002016	35.78197	-82.25905	1915	44.5	68	98	33	6918	207	-84	291	139	-24	155	-24	1826	170	129	9	496	403	492	403
DG	6	DG_06	NC	E	9002016	35.78233	-82.25908	1908	45.6	68	98	33	6918	207	-84	291	139	-24	155	-24	1826	170	129	9	496	403	492	403
DG	8	DG_08	NC	E	9002016	35.78377	-82.25858	1897	28.1	74	103	35	6903	215	-79	294	145	-18	160	-18	1760	165	124	9	479	388	475	388
DG	10	DG_10	NC	E	9002016	35.786327	-82.25755	1922	55.4	69	99	33	6915	208	-84	292	140	-23	155	-23	1818	169	128	9	494	400	489	400
EQU	1	EQU_01	VT	C	9212017	43.13636	-73.13577	608	40.3	52	114	29	9444	244	-142	386	170	-63	170	-74	1293	126	84	11	353	273	353	282
EQU	2	EQU_02	VT	C	9212017	43.14051	-73.14051	701	35.1	52	114	29	9444	244	-142	386	170	-63	170	-74	1293	126	84	11	353	273	353	282
EQU	3	EQU_03	VT	C	9212017	43.14039	-73.13477	744	27.2	52	114	29	9444	244	-142	386	170	-63	170	-74	1293	126	84	11	353	273	353	282
EQU	4	EQU_04	VT	C	9212017	43.15425	-73.12742	975	26.3	39	106	28	9327	224	-149	373	155	-75	155	-85	1411	135	94	10	381	302	381	312
EQU	5	EQU_05	VT	C	9212017	43.15975	-73.1255	1023	23.3	39	106	28	9305	223	-149	372	155	-75	155	-85	1410	135	93	10	381	301	381	311
EQU	6	EQU_06	VT	C	9212017	43.1619	-73.12386	1063	22.6	33	102	27	9292	215	-153	368	148	-80	148	-91	1469	140	98	10	395	316	395	326
ESC	1	ESC_01	NY	C	9052017	42.19985	-74.03118	678	37	64	109	29	9144	247	-121	368	157	-47	178	-58	1162	112	76	11	322	248	313	250
ESC	2	ESC_02	NY	C	9052017	42.20077	-74.03092	685	32.5	59	106	29	9075	239	-125	364	151	-52	171	-63	1206	115	80	10	331	259	323	261
ESC	3	ESC_03	NY	C	9052017	42.20205	-74.02971	694	38.2	59	106	29	9075	239	-125	364	151	-52	171	-63	1206	115	80	10	331	259	323	261
ESC	4	ESC_04	NY	C	9052017	42.20549	-74.03112	730	28.6	59	106	29	9075	239	-125	364	151	-52	171	-63	1206	115	80	10	331	259	323	261
ESC	5	ESC_05	NY	C	9052017	42.21354	-74.03379	792	23.6	51	103	28	9059	229	-131	360	99	-59	163	-70	1276	122	85	10	348	276	338	278
ESC	6	ESC_06	NY	C	9052017	42.21471	-74.03587	829	6	51	103	28	9059	229	-131	360	99	-59	163	-70	1276	122	85	10	348	276	338	278
G13	1	G13_01	PA	M	9122017	41.41342	-76.29673	641	68	67	109	30	8754	249	-107	356	157	-49	176	-49	1019	111	59	20	317	187	305	187
G13	2	G13_02	PA	M	9122017	41.41315	-76.29758	639	41.2	67	109	30	8754	249	-107	356	157	-49	176	-49	1019	111	59	20	317	187	305	187
G13	3	G13_03	PA	M	9122017	41.41275	-76.29931	634	40.3	67	109	30	8754	249	-107	356	157	-49	176	-49	1019	111	59	20	317	187	305	187
G13	4	G13_04	PA	M	9122017	41.41232	-76.29998	637	37.5	67	109	30	8754	249	-107	356	157	-49	176	-49	1019	111	59	20	317	187	305	187
G13	5	G13_05	PA	M	9122017	41.41286	-76.2958	640	18.2	67	109	30	8754	249	-107	356	157	-49	176	-49	1019	111	59	20	317	187	305	187
G18	1	G18_01	PA	M	9132017	41.09564	-75.4884	538	NA	72	113	31	8822	255	-108	363	162	-35	182	-46	1217	122	79	12	346	255	331	257
G18	2	G18_02	PA	M	9132017	41.09326	-75.49049	552	NA	72	113	31	8822	255	-108	363	162	-35	182	-46	1217	122	79	12	346	255	331	257
G18	3	G18_03	PA	M	9132017	41.09363	-75.48915	560	NA	72	113	31	8822	255	-108	363	162	-35	182	-46	1217	122	79	12	346	255	331	257
G57	1	G57_01	PA	M	9122017	41.38781	-76.25086	644	28	66	108	30	8779	247	-109	356	156	-51	175	-51	1042	112	61	19	321	194	310	194
G57	2	G57_02	PA	M	9122017	41.38786	-76.24996	644	28.2	67	108	30	8745	248	-107	355	156	-49	175	-49	1041	112	61	19	321	193	310	193
G57	3	G57_03	PA	M	9122017	41.39196	-76.24501	635	22.4	67	108	30	8754	248	-107	355	157	-49	176	-49	1033	111	60	19	319	191	307	191
G57	4	G57_04	PA	M	9122017	41.38787	-76.25036	655	25.6	66	108	30	8779	247	-109	356	156	-51	175	-51	1042	112	61	19	321	194	310	194
G57	5	G57_05	PA	M	9122017	41.3885	-76.27803	646	63.7	68	109	30	8791	250	-108	358	157	-50	177	-50	1026	111	60	19	318	189	307	189
G57	6	G57_06	PA	M	9122017	41.39518	-76.24475	632	17.7	67	108	30	8754	248	-107	355	157	-49	176	-49	1033	111	60	19	319	191	307	191
G57	7	G57_07	PA	M	9062017	41.41808	-76.16374	647	25.4	66	107	30	8778	247	-108	355	156	-51	175	-51	1055	112	63	18	322	199	311	199
G57	8	G57_08	PA	M	9062017	41.41875	-76.16496	652	45.7	66	107	30	8778	247	-108	355	156	-51	175	-51	1055	112	63	18	322	199	311	199
G57	9	G57_09	PA	M	9062017	41.41903	-76.16552	652	30.7	66	107	30	8778	247	-108	355	156	-51	175	-51	1055	112	63	18	322	199	311	199
G57	10	G57_10	PA	M	9062017	41.41903	-76.16604	652	25.9	66	107	30	8778	247	-108	355	156	-51	175	-51	1055	112	63	18	322	199	311	199
G57	11	G57_11	PA	M	9062017	41.41982	-76.16662	652	33	66	107	30	8778	247	-108	355	156	-51	175	-51	1055	112	63	18	322	199	311	199
GFM	48	GFM_48	NC	E	NA	36.0898	-81.8383	1425	29.9	90	112	36	7016	238	-70	308	160	-4	177	-4	1523	143	104	11	422	325	420	325
GFM	49	GFM_49	NC	E	NA	36.0902	-81.8376	1423	34.7	90	112	36	7016	238	-70	308	160	-4	177	-4	1523	143	104	11	422	325	420	325
GFM	50	GFM_50	NC	E	NA	36.0905	-81.8369	1437	26.9	90	112	36	7016	238	-70	308	160	-4	177	-4	1523	143	104	11	422	325	420	325
GFM	51	GFM_51	NC	E	NA	36.0911	-81.8365	1444	44.9	90	112	36	7016	238	-70	308	160	-4	177	-4	1523	143	104	11	422	325	420	325
GFM	55	GFM_55	NC	E	NA	36.0928	-81.8361	1486	44.9	85	108	35	6985	231	-72	303	156	-8	173	-8	1548	144	104	11	430	328	427	328
GPA	1	GPA_01	WV	E	9292017	38.6156	-79.84402	1363	31.8	69	109	32	7880	228	-103	331	150	-38	165	-38	1474	143	108	8	406	340	395	340
GPA	2	GPA_02	WV	E	9292017	38.61929	-79.8956	1339	49.3	77	114	34	7900	237	-97	334	157	-31	172	-31	1441	143	105	9	401	333	391	333
GPA	3	GPA_03	WV	E	9292017	38.61926	-79.84243	1314	39.9	70	110	33	7870	229	-102	331	150	-37	165	-37	1469	143	107	8	406	338	395	338
GPA	4	GPA_04	WV	E	9292017	38.59968	-79.85046	1147	39.6	74	112	33	7871	234	-99	333	154	-34	169	-34	1439	141	105	8	398	331	388	331
GRE	1	GRE_01	MA	C	9182017	42.6402	-73.17194	929	36	40	98	27	9119	217	-140	357	134	-71	154	-81	1423	134	99	9	380	313	378	319
GRE	3	GRE_03	MA	C	9182017	42.63586	-73.16558	1055	37.6	40	98	27	9142	218	-140	358	134	-71	154	-81	1423	134	99	9	380	313	378	319
GRE	4	GRE_04	MA	C	9182017	42.63636	-73.16608	1055	30.8	40	98	27	9142	218	-140	358	134	-71	154	-81	1423	134	99	9	380	313	378	319
GRE	5	GRE_05	MA	C	9182017	42.63514	-73.16494	1013	16.5	40	98	27	9142	218	-140	358	134	-71	154	-81	1423	134	99	9	380	313	378	319
GRE	6	GRE_06	MA	C	9182017	42.63069	-73.17808	934	26.4	43	100	27	9166	221	-139	360	136	-69	157	-80	1396	131	97	9	375	306	373	312
GRE	7	GRE_07	MA	C	9182017	42.63034	-73.18195	888	41.1	43	100	27	9166	221	-139	360	136	-69	157	-80	1396	131	97	9	375	306	373	312
HR	1	HR_01	TN	E	9002016	35.5714	-83.17954	1615	59.2	79	110	36	6977	226	-77	303	77	86	166	-14	1887	186	136	7	504	440	485	458
HR	2	HR_02	TN	E	9002016	35.5716	-83.17953	1624	55.9	79	110	36	6977	226	-77	303	77	86	166	-14	1887	186	136	7	504	440	485	458
HR	3	HR_03	TN	E	9002016	35.56898	-83.17448	1627	57.8	80	111	36	6961	227	-76	303	78	87	167	-13	1878	185	135	7	502	437	483	456
HR	5	HR_05	TN	E	9002016	35.57113	-83.1706	1607	59.7	80	111	36	6961	227	-76	303	78	87	167	-13	1878	185	135	7	502	437	483	456
HR	6	HR_06	TN	E	9002016	35.57026	-83.16939	1605	55.9	80	111	36	6961	227	-76	303	78	87	167	-13	1878	185	135	7	502	437	483	456
HR	7	HR_07	TN	E	9002016	35.56706	-83.16762	1595	59.9	80	111	36	6961	227	-76	303	78	87	167	-13	1878	185	135	7	502	437	483	456
HR	10	HR_10	TN	E	9002016	35.61916	-83.20716	1036	27.1	104	130	40	7035	261	-62	323	101	110	192	10	1535	157	101	10	417	338	396	384
HUN	1	HUN_01	NY	C	9072017	42.17801	-74.22929	1221	27.9	32	96	27	8912	202	-146	348	79	-77	142	-87	1481	142	102	9	397	326	382	331
HUN	2	HUN_02	NY	C	9072017	42.17772	-74.2286	1198	57.9	32	96	27	8912	202	-146	348	79	-77	142	-87	1481	142	102	9	397	326	382	331
HUN	3	HUN_03	NY	C	9072017	42.17778	-74.23087	1219	26.3	32	96	27	8912	202	-146	348	79	-77	142	-87	1481	142	102	9	397	326	382	331
HUN	4	HUN_04	NY	C	9072017	42.17897	-74.2295	1203	37	32	96	27	8912	202	-146	348	79	-77	142	-87	1481	142	102	9	397	326	382	331
HUN	5	HUN_05	NY	C	9072017	42.17995	-74.22938	1189	40.7	32	96	27	8912	202	-146	348	79	-77	142	-87	1481	142	102	9	397	326	382	331
HUN	6	HUN_06	NY	C	9072017	42.19198	-74.23504	1029	66.7	45	102	28	8985	220	-136	356	92	-65	156	-75	1342	129	90	10	364	292	350	295
HUN	7	HUN_07	NY	C	9072017	42.19412	-74.23513	991	44.4	45	102	28	8985	220	-136	356	92	-65	156	-75	1342	129	90	10	364	292	350	295
IND	1	IND_01	NY	C	9062017	42.16541	-74.20158	646	25	52	104	28	9036	229	-130	359	100	-58	164	-69	1276	123	86	10	348	277	335	280
IND	2	IND_02	NY	C	9062017	42.16542	-74.20212	652	23.2	52	104	28	9036	229	-130	359	100	-58	164	-69	1276	123	86	10	348	277	335	280
IND	3	IND_03	NY	C	9062017	42.16714	-74.2009	633	25.1	60	107	29	9076	240	-125	365	107	-51	172	-62	1200	116	79	10	330	257	319	260
IND	4	IND_04	NY	C	9062017	42.16395	-74.20231	641	29.1	52	104	28	9036	229	-130	359	100	-58	164	-69	1276	123	86	10	348	277	335	280
IND	5	IND_05	NY	C	9062017	42.16349	-74.20258	636	21.3	52	104	28	9036	229	-130	359	100	-58	164	-69	1276	123	86	10	348	277	335	280
IND	6	IND_06	NY	C	9062017	42.16228	-74.20313	637	29.9	52	104	28	9036	229	-130	359	100	-58	164	-69	1276	123	86	10	348	277	335	280
JAY	1	JAY_01	VT	C	10062017	44.92981	-72.52965	900	21.1	22	99	25	10012	212	-176	388	146	-100	146	-112	1386	149	79	17	414	266	414	287
JAY	2	JAY_02	VT	C	10102017	44.9235	-72.51746	897	29.4	20	98	25	10008	209	-178	387	144	-102	144	-114	1416	152	81	16	421	274	421	295
JAY	3	JAY_03	VT	C	10102017	44.92305	-72.51562	861	27.5	21	98	25	10010	209	-178	387	145	-102	145	-113	1406	151	80	16	419	271	419	292
KAN	2	KAN_02	NH	C	10222017	44.02552	-71.495	862	19.2	30	109	28	9409	217	-163	380	-14	-84	148	-95	1456	146	102	10	398	318	384	336
KAN	3	KAN_03	NH	C	10222017	44.02137	-71.47896	785	7.6	31	109	28	9403	217	-163	380	-13	-84	148	-95	1456	146	103	10	398	319	383	337
KAN	4	KAN_04	NH	C	10222017	44.02144	-71.47961	787	8.1	31	109	28	9403	217	-163	380	-13	-84	148	-95	1456	146	103	10	398	319	383	337
KAN	5	KAN_05	NH	C	10222017	44.02235	-71.47746	777	12.9	31	109	28	9403	217	-163	380	-13	-84	148	-95	1456	146	103	10	398	319	383	337
KAN	6	KAN_06	NH	C	10222017	44.02168	-71.49196	841	3.9	28	107	28	9349	212	-165	377	-16	-86	144	-97	1488	149	105	9	407	327	390	345
KIL	1	KIL_01	VT	C	10212017	43.60633	-72.81543	1171	37.4	23	100	27	9330	204	-164	368	140	-90	140	-100	1536	149	101	11	417	327	417	341
KIL	2	KIL_02	VT	C	10212017	43.60703	-72.81634	1170	14.2	23	100	27	9330	204	-164	368	140	-90	140	-100	1536	149	101	11	417	327	417	341
KIL	3	KIL_03	VT	C	10212017	43.60837	-72.8176	1145	23	27	103	27	9368	210	-161	371	144	-87	144	-97	1491	146	97	11	407	314	407	329
KIL	4	KIL_04	VT	C	10212017	43.60933	-72.81762	1115	63.5	27	103	27	9368	210	-161	371	144	-87	144	-97	1491	146	97	11	407	314	407	329
KIL	5	KIL_05	VT	C	10212017	43.61079	-72.81821	1072	26	27	103	27	9368	210	-161	371	144	-87	144	-97	1491	146	97	11	407	314	407	329
KIL	6	KIL_06	VT	C	10212017	43.61229	-72.8187	1047	8	27	103	27	9368	210	-161	371	144	-87	144	-97	1491	146	97	11	407	314	407	329
KOS	1	KOS_01	WV	E	9292017	38.69131	-79.53503	1356	20.5	65	108	32	7905	225	-105	330	145	-42	162	-42	1413	134	102	8	389	317	377	317
KOS	2	KOS_02	WV	E	9292017	38.6894	-79.54405	1419	51.6	63	107	32	7870	223	-106	329	144	-43	159	-43	1429	135	103	8	392	321	380	321
KOS	3	KOS_03	WV	E	9292017	38.69502	-79.54109	1428	35.3	63	107	32	7869	222	-107	329	143	-44	159	-44	1430	135	103	8	393	321	381	321
KOS	4	KOS_04	WV	E	9292017	38.69886	-79.5338	1479	8.8	63	107	32	7869	222	-107	329	143	-44	159	-44	1430	135	103	8	393	321	381	321
KOS	5	KOS_05	WV	E	9292017	38.69966	-79.5335	1488	19.7	63	107	32	7869	222	-107	329	143	-44	159	-44	1430	135	103	8	393	321	381	321
KOS	7	KOS_07	WV	E	9292017	38.7023	-79.5302	1485	43.9	60	105	32	7890	219	-108	327	141	-46	157	-46	1455	137	105	8	399	327	387	327
LEU	1	LEU_01	ME	C	11192017	45.46921	-70.37423	668	8	28	113	27	10212	228	-182	410	154	-98	154	-109	1028	109	59	17	312	196	312	211
LEU	2	LEU_02	ME	C	11192017	45.47563	-70.37312	629	11.5	25	111	27	10230	224	-183	407	152	-101	152	-113	1049	111	60	17	317	201	317	216
LEU	3	LEU_03	ME	C	11192017	45.48267	-70.37241	741	24.5	25	111	27	10230	224	-183	407	152	-101	152	-113	1049	111	60	17	317	201	317	216
LEU	4	LEU_04	ME	C	11192017	45.48342	-70.3726	752	8	18	107	26	10179	214	-187	401	145	-107	145	-118	1108	118	65	17	334	215	334	229
LEU	5	LEU_05	ME	C	11192017	45.47165	-70.3756	588	8.5	28	113	27	10223	228	-180	408	155	-97	155	-109	1026	109	59	17	311	196	311	211
LOL	1	LOL_01	NH	C	11042017	44.138	-71.71053	865	27.9	29	108	28	9538	217	-166	383	148	-87	148	-98	1385	135	92	12	385	289	385	307
LOL	2	LOL_02	NH	C	11042017	44.14044	-71.72354	957	8.8	29	107	28	9490	216	-165	381	147	-87	147	-98	1400	137	93	12	388	293	388	311
LOL	3	LOL_03	NH	C	11042017	44.14035	-71.72276	950	9.6	29	107	28	9490	216	-165	381	147	-87	147	-98	1400	137	93	12	388	293	388	311
LOL	4	LOL_04	NH	C	11052017	44.14965	-71.7104	1154	10.5	20	102	27	9336	201	-169	370	137	-94	137	-104	1526	150	105	10	414	328	414	347
LOL	5	LOL_05	NH	C	11052017	44.14922	-71.71134	1137	14.8	20	102	27	9336	201	-169	370	137	-94	137	-104	1526	150	105	10	414	328	414	347
MAC	1	MAC_01	NY	C	10132017	44.05343	-73.78043	1317	14.8	15	102	27	9518	198	-177	375	123	-102	132	-112	1439	147	88	13	407	291	406	304
MAC	2	MAC_02	NY	C	10132017	44.05138	-73.78415	1172	8.1	22	106	27	9520	207	-172	379	130	-95	139	-106	1353	141	82	14	387	271	386	282
MAC	3	MAC_03	NY	C	10132017	44.05165	-73.78802	1036	12.2	22	106	27	9520	207	-172	379	130	-95	139	-106	1353	141	82	14	387	271	386	282
MAC	4	MAC_04	NY	C	10132017	44.05131	-73.78914	1014	4.5	22	106	27	9520	207	-172	379	130	-95	139	-106	1353	141	82	14	387	271	386	282
MAC	5	MAC_05	NY	C	10132017	44.05025	-73.78994	969	7.5	22	106	27	9520	207	-172	379	130	-95	139	-106	1353	141	82	14	387	271	386	282
MMF	2	MMF_02	VT	C	9022017	44.52266	-72.80222	998	23.3	26	98	25	9819	213	-168	381	148	-93	148	-105	1420	151	80	16	419	271	419	291
MMF	10	MMF_10	VT	C	9042017	44.53615	-72.81747	1224	3.4	19	94	25	9789	203	-173	376	141	-100	141	-111	1537	161	87	16	449	297	449	319
MMF	13	MMF_13	VT	C	9112017	44.51382	-72.79353	737	32.6	43	107	26	9944	239	-158	397	167	-78	167	-90	1160	129	63	19	355	213	355	226
MMF	14	MMF_14	VT	C	9112017	44.51656	-72.78146	565	18.7	47	109	27	9974	244	-155	399	171	-75	171	-87	1114	124	60	19	342	202	342	214
MMF	20	MMF_20	VT	C	9272017	44.51768	-72.78983	710	43.1	40	106	26	9918	234	-159	393	163	-81	163	-93	1200	132	66	18	365	222	365	236
MMF	21	MMF_21	VT	C	9272017	44.51781	-72.7906	724	31.5	40	106	26	9918	234	-159	393	163	-81	163	-93	1200	132	66	18	365	222	365	236
MMF	24	MMF_24	VT	C	9272017	44.51411	-72.79349	737	46.5	43	107	26	9944	239	-158	397	167	-78	167	-90	1160	129	63	19	355	213	355	226
MPG	1	MPG_01	VT	C	9302017	44.72913	-72.03024	826	15.9	29	109	27	9983	223	-174	397	152	-93	152	-106	1260	138	73	17	384	241	384	262
MPG	2	MPG_02	VT	C	9302017	44.7312	-72.03259	820	39.7	29	109	27	9983	223	-174	397	152	-93	152	-106	1260	138	73	17	384	241	384	262
MPG	3	MPG_03	VT	C	9302017	44.73103	-72.03169	830	15.3	29	109	27	9983	223	-174	397	152	-93	152	-106	1260	138	73	17	384	241	384	262
MPG	4	MPG_04	VT	C	9302017	44.72968	-72.02951	820	34	29	109	27	9983	223	-174	397	152	-93	152	-106	1260	138	73	17	384	241	384	262
MPG	5	MPG_05	VT	C	9302017	44.72948	-72.02926	824	16.3	29	109	27	9983	223	-174	397	152	-93	152	-106	1260	138	73	17	384	241	384	262
MPG	6	MPG_06	VT	C	9302017	44.72881	-72.0307	822	38.2	29	109	27	9983	223	-174	397	152	-93	152	-106	1260	138	73	17	384	241	384	262
MRC	2	MRC_02	VA	E	10122016	36.672274	-81.506	1600	32.8	77	106	34	7190	225	-81	306	150	-19	166	-19	1437	140	99	10	404	308	388	308
MRC	7	MRC_07	VA	E	10132016	36.6625	-81.516944	1569	43.4	74	103	33	7169	220	-83	303	147	-22	163	-22	1464	142	101	10	412	313	397	313
MRC	8	MRC_08	VA	E	10142016	36.6625	-81.516111	1554	51.1	77	105	34	7186	225	-80	305	150	-19	167	-19	1442	140	99	10	406	309	391	309
MRC	16	MRC_16	VA	E	10152016	36.65629	-81.54009	1616	23.4	72	102	34	7148	216	-84	300	145	-24	160	-24	1491	144	102	10	419	318	405	318
MRC	18	MRC_18	VA	E	9002016	36.65793	-81.53847	1645	18.3	72	102	34	7148	216	-84	300	145	-24	160	-24	1491	144	102	10	419	318	405	318
MSK	1	MSK_01	NH	C	10232017	44.43429	-71.43275	1197	18	11	100	27	9420	190	-179	369	129	-103	129	-114	1576	155	109	10	428	342	428	361
MSK	2	MSK_02	NH	C	10232017	44.43365	-71.41321	1226	19.1	14	101	27	9413	195	-177	372	132	-101	132	-111	1536	151	105	11	419	331	419	350
MSK	3	MSK_03	NH	C	10232017	44.43383	-71.42283	1158	12.7	18	104	27	9504	201	-176	377	136	-98	136	-109	1490	146	101	11	408	318	408	338
MSK	4	MSK_04	NH	C	11252017	44.4242	-71.44677	850	39	29	112	28	9678	221	-171	392	149	-89	149	-100	1342	133	88	12	377	277	377	297
MT	1	MT_01	NC	E	9002016	35.7568	-82.2524	1711	59.5	76	103	34	6890	216	-79	295	146	-16	161	-16	1759	165	124	9	477	388	474	388
MT	4	MT_04	NC	E	9002016	35.75649	-82.25134	1678	55	76	103	34	6890	216	-79	295	146	-16	161	-16	1759	165	124	9	477	388	474	388
MT	5	MT_05	NC	E	9002016	35.75581	-82.25083	1649	54.4	76	103	34	6890	216	-79	295	146	-16	161	-16	1759	165	124	9	477	388	474	388
MT	7	MT_07	NC	E	9002016	35.75458	-82.24234	1470	39.4	84	110	36	6923	229	-73	302	154	-8	170	-8	1671	159	118	9	453	369	450	369
MT	8	MT_08	NC	E	9002016	35.7524	-82.24024	1420	44.8	90	115	37	6900	237	-69	306	160	-2	176	-2	1601	153	113	9	434	355	431	355
MT	9	MT_09	NC	E	9002016	35.75366	-82.24549	1533	33	84	110	36	6923	229	-73	302	154	-8	170	-8	1671	159	118	9	453	369	450	369
MT	10	MT_10	NC	E	9002016	35.75354	-82.245	1525	51.2	84	110	36	6923	229	-73	302	154	-8	170	-8	1671	159	118	9	453	369	450	369
MT	12	MT_12	NC	E	9002049	35.757069	-82.252205	1701	51.5	76	103	34	6890	216	-79	295	146	-16	161	-16	1759	165	124	9	477	388	474	388
NBTIC	543	NBTIC_543	NB	C	9042015	46.22	-67.14	NA	NA	38	111	27	10254	241	-169	410	-10	-39	166	-100	1102	110	75	11	311	233	286	272
NBTIC	552	NBTIC_552	NB	C	9042015	46.18	-67.15	NA	NA	42	112	27	10237	245	-165	410	-5	-36	169	-97	1079	108	74	11	305	229	278	268
NBTIC	565	NBTIC_565	NB	C	9042015	46.66	-67.6	NA	NA	30	112	26	10533	236	-182	418	149	-49	161	-112	1062	106	68	14	304	213	301	241
NBTIC	623	NBTIC_623	NB	C	9042015	45.48	-66.65	585	NA	54	95	26	9050	230	-126	356	-36	-19	165	-68	1187	123	87	12	352	270	270	320
NBTIC	624	NBTIC_624	NB	C	9042015	45.42	-66.7	682	NA	52	93	26	8994	227	-126	353	-37	163	163	-69	1207	126	87	12	359	271	271	326
NBTIC	627	NBTIC_627	NB	C	9042015	45.26	-66.49	464	NA	57	88	26	8487	221	-111	332	-25	161	161	-57	1229	130	88	14	375	270	270	345
NOR	1	NOR_01	NY	C	9052017	42.21991	-74.04099	919	20.7	46	101	28	8984	221	-135	356	93	-64	157	-74	1329	126	90	10	360	289	350	292
NOR	2	NOR_02	NY	C	9052017	42.22041	-74.04166	923	30.3	46	101	28	8984	221	-135	356	93	-64	157	-74	1329	126	90	10	360	289	350	292
NOR	3	NOR_03	NY	C	9052017	42.22059	-74.04261	935	4.1	49	102	28	9027	225	-132	357	96	-62	160	-72	1300	124	87	10	353	282	344	284
NOR	4	NOR_04	NY	C	9052017	42.21969	-74.04345	937	31.5	49	102	28	9027	225	-132	357	96	-62	160	-72	1300	124	87	10	353	282	344	284
NOR	5	NOR_05	NY	C	9052017	42.21886	-74.04497	961	25.3	49	102	28	9027	225	-132	357	96	-62	160	-72	1300	124	87	10	353	282	344	284
NOR	6	NOR_06	NY	C	9052017	42.21925	-74.04668	962	28.2	49	102	28	9027	225	-132	357	96	-62	160	-72	1300	124	87	10	353	282	344	284
OCT	1	OCT_01	MA	C	9192017	42.36216	-73.15527	582	31.2	60	108	29	9188	245	-125	370	154	-52	175	-63	1227	115	86	9	335	269	332	274
OCT	2	OCT_02	MA	C	9192017	42.36126	-73.15881	576	11.1	61	109	29	9195	247	-124	371	155	-51	175	-63	1223	114	85	9	333	268	331	273
OCT	3	OCT_03	MA	C	9192017	42.35426	-73.17902	571	54.6	61	109	29	9152	247	-124	371	154	-50	175	-62	1214	114	84	9	332	265	329	270
OCT	4	OCT_04	MA	C	9192017	42.34901	-73.19077	549	19.4	63	111	29	9184	251	-122	373	157	-48	178	-60	1195	111	83	9	327	262	326	267
OCT	6	OCT_06	MA	C	9192017	42.361	-73.15971	586	10.9	61	109	29	9195	247	-124	371	155	-51	175	-63	1223	114	85	9	333	268	331	273
OCT	8	OCT_08	MA	C	9192017	42.36194	-73.15504	592	8.4	60	108	29	9188	245	-125	370	154	-52	175	-63	1227	115	86	9	335	269	332	274
OKE	1	OKE_01	VT	C	10172017	43.41356	-72.74883	812	31.1	39	109	28	9397	227	-153	380	156	-76	156	-87	1388	134	93	10	375	297	375	310
OKE	2	OKE_02	VT	C	10172017	43.41016	-72.75069	910	49.1	41	111	29	9409	230	-152	382	158	-74	158	-85	1365	132	91	10	369	292	369	305
OKE	3	OKE_03	VT	C	10172017	43.409	-72.74791	935	24.7	39	109	28	9397	227	-153	380	156	-76	156	-87	1388	134	93	10	375	297	375	310
OKE	4	OKE_04	VT	C	10172017	43.40522	-72.75047	1020	27.7	34	106	28	9353	218	-156	374	150	-81	150	-91	1452	139	98	10	390	313	390	326
OKE	5	OKE_05	VT	C	10172017	43.40388	-72.75101	1020	39.8	34	106	28	9353	218	-156	374	150	-81	150	-91	1452	139	98	10	390	313	390	326
OKE	6	OKE_06	VT	C	10172017	43.40847	-72.74814	953	56.8	39	109	28	9397	227	-153	380	156	-76	156	-87	1388	134	93	10	375	297	375	310
OWL	1	OWL_01	VT	C	10012017	44.29606	-72.2939	580	14.1	42	114	28	9789	240	-159	399	164	-77	164	-89	1117	121	65	17	336	215	336	230
OWL	2	OWL_02	VT	C	10012017	44.2958	-72.29314	581	12	42	114	28	9789	240	-159	399	164	-77	164	-89	1117	121	65	17	336	215	336	230
OWL	3	OWL_03	VT	C	10012017	44.29611	-72.29464	584	24.5	42	114	28	9789	240	-159	399	164	-77	164	-89	1117	121	65	17	336	215	336	230
OWL	4	OWL_04	VT	C	10012017	44.29652	-72.29517	589	11.7	42	114	28	9789	240	-159	399	164	-77	164	-89	1117	121	65	17	336	215	336	230
PRK	1	PRK_01	WV	E	9282017	38.32659	-80.15412	1440	19.7	70	109	33	7815	227	-101	328	150	-36	165	-36	1504	148	112	8	415	348	403	348
PRK	2	PRK_02	WV	E	9282017	38.33402	-80.15413	1398	64	71	110	33	7854	228	-100	328	151	-36	166	-36	1501	148	111	8	414	348	402	348
PRK	3	PRK_03	WV	E	9282017	38.34276	-80.16302	1268	35.3	73	111	33	7841	231	-99	330	153	84	168	-34	1496	149	111	9	414	347	403	347
PRK	4	PRK_04	WV	E	9282017	38.34618	-80.16209	1262	26.9	73	111	33	7841	231	-99	330	153	84	168	-34	1496	149	111	9	414	347	403	347
PRK	5	PRK_05	WV	E	9282017	38.34659	-80.16196	1267	18.8	73	111	33	7841	231	-99	330	153	84	168	-34	1496	149	111	9	414	347	403	347
PRO	1	PRO_01	VT	C	8152017	44.52872	-72.86739	448	36.6	52	109	27	9998	249	-151	400	176	-71	176	-83	1066	120	56	20	331	188	331	199
PRO	2	PRO_02	VT	C	8152017	44.52773	-72.8672	425	37.8	52	109	27	9998	249	-151	400	176	-71	176	-83	1066	120	56	20	331	188	331	199
PRO	3	PRO_03	VT	C	8152017	44.52746	-72.86732	420	41	52	109	27	9998	249	-151	400	176	-71	176	-83	1066	120	56	20	331	188	331	199
PRO	4	PRO_04	VT	C	9012017	44.52844	-72.86649	429	NA	49	108	27	9977	245	-154	399	172	-73	172	-86	1102	124	59	20	341	197	341	209
RP	1	RP_01	TN	E	9002016	35.60925	-83.44671	1617	54.1	81	112	36	7033	229	-77	306	79	132	168	-13	1869	186	130	8	502	427	476	463
RP	3	RP_03	TN	E	9002016	35.60989	-83.44798	1586	50.4	81	112	36	7033	229	-77	306	79	132	168	-13	1869	186	130	8	502	427	476	463
RP	5	RP_05	TN	E	9002016	35.61014	-83.45202	1545	48.2	77	109	35	7055	224	-80	304	74	128	164	-18	1914	189	134	8	513	439	487	472
RP	6	RP_06	TN	E	9002016	35.61018	-83.45275	1537	63	77	109	35	7055	224	-80	304	74	128	164	-18	1914	189	134	8	513	439	487	472
RP	11	RP_11	TN	E	9002016	35.61305	-83.46869	1370	62.3	88	117	37	7049	239	-72	311	86	139	176	-6	1795	180	122	9	484	405	455	450
SAV	1	SAV_01	MA	C	9202017	42.60101	-73.02749	767	43.8	55	107	28	9277	241	-131	372	150	-58	171	-69	1294	122	91	9	349	285	344	292
SAV	2	SAV_02	MA	C	9202017	42.60059	-73.0264	759	41.9	55	107	28	9277	241	-131	372	150	-58	171	-69	1294	122	91	9	349	285	344	292
SAV	3	SAV_03	MA	C	9202017	42.60036	-73.02493	738	38	56	107	28	9235	242	-130	372	150	-57	171	-68	1287	121	90	9	348	283	343	291
SAV	4	SAV_04	MA	C	9202017	42.65836	-73.05849	564	37.3	57	109	28	9310	246	-131	377	153	-56	173	-67	1272	120	88	9	346	278	341	285
SAV	5	SAV_05	MA	C	9202017	42.65893	-73.05984	572	32.9	57	109	28	9310	246	-131	377	153	-56	173	-67	1272	120	88	9	346	278	341	285
SAV	6	SAV_06	MA	C	9202017	42.6589	-73.06075	577	51.6	57	109	28	9310	246	-131	377	153	-56	173	-67	1272	120	88	9	346	278	341	285
SAV	7	SAV_07	MA	C	9202017	42.65743	-73.06254	612	48.9	59	111	29	9315	249	-129	378	155	-54	175	-65	1254	118	87	9	340	273	336	281
SPR	1	SPR_01	PA	M	9142017	41.2067	-75.64813	586	32.7	69	111	30	8819	250	-111	361	158	-38	178	-49	1164	116	74	14	339	235	328	237
SPR	2	SPR_02	PA	M	9142017	41.20095	-75.6479	567	20.5	69	111	30	8819	250	-111	361	158	-38	178	-49	1164	116	74	14	339	235	328	237
SPR	3	SPR_03	PA	M	9142017	41.20177	-75.64116	585	NA	68	111	30	8813	250	-110	360	158	-38	178	-49	1173	117	75	14	341	238	329	240
SPR	4	SPR_04	PA	M	9142017	41.2021	-75.63768	588	39.8	68	111	30	8813	250	-110	360	158	-38	178	-49	1173	117	75	14	341	238	329	240
SPR	5	SPR_05	PA	M	9142017	41.20205	-75.6366	590	31.5	68	111	30	8813	250	-110	360	158	-38	178	-49	1173	117	75	14	341	238	329	240
TWI	2	TWI_02	NY	C	9062017	42.11969	-74.12601	1064	19	42	99	28	8964	215	-137	352	89	-67	153	-78	1404	133	97	9	378	310	363	314
TWI	3	TWI_03	NY	C	9062017	42.1222	-74.12683	1042	10	42	99	28	8964	215	-137	352	89	-67	153	-78	1404	133	97	9	378	310	363	314
TWI	4	TWI_04	NY	C	9062017	42.12289	-74.1269	1051	23.7	42	99	28	8964	215	-137	352	89	-67	153	-78	1404	133	97	9	378	310	363	314
TWI	5	TWI_05	NY	C	9062017	42.12367	-74.12727	1074	18.5	42	99	28	8964	215	-137	352	89	-67	153	-78	1404	133	97	9	378	310	363	314
TWI	6	TWI_06	NY	C	9062017	42.12489	-74.12855	1100	29.5	42	99	28	8964	215	-137	352	89	-67	153	-78	1404	133	97	9	378	310	363	314
WA	412	WA_412	NC	E	9002016	35.34417	-83.35255	1285	49.1	97	123	39	6925	248	-63	311	18	148	183	4	1855	188	128	9	502	421	464	473
WA	414	WA_414	NC	E	9002016	35.34103	-83.35087	1273	44.8	97	123	39	6905	249	-63	312	19	149	183	5	1852	188	128	9	502	421	462	473
WA	416	WA_416	NC	E	9002016	35.33896	-83.3516	1251	51	97	123	39	6905	249	-63	312	19	149	183	5	1852	188	128	9	502	421	462	473
WA	418	WA_418	NC	E	9002016	35.3378	-83.35202	1264	54.8	97	123	39	6905	249	-63	312	19	149	183	5	1852	188	128	9	502	421	462	473
WA	419	WA_419	NC	E	9002016	35.34348	-83.35368	1277	60.8	97	123	39	6925	248	-63	311	18	148	183	4	1855	188	128	9	502	421	464	473
WCA	1	WCA_01	NY	C	9082017	42.46577	-74.57816	574	21	58	113	30	9168	245	-128	373	151	-54	172	-65	1065	107	62	15	310	210	301	210
WCA	2	WCA_02	NY	C	9082017	42.4851	-74.597	582	50	58	112	30	9143	245	-128	373	151	-64	172	-64	1067	107	62	15	311	210	302	210
WCA	3	WCA_03	NY	C	9082017	42.4851	-74.597	582	42	58	112	30	9143	245	-128	373	151	-64	172	-64	1067	107	62	15	311	210	302	210
WCA	4	WCA_04	NY	C	9082017	42.48974	-74.5986	566	49.9	58	112	30	9143	245	-128	373	151	-64	172	-64	1067	107	62	15	311	210	302	210
WCA	5	WCA_05	NY	C	9082017	42.48933	-74.59966	568	20.4	58	112	30	9143	245	-128	373	151	-64	172	-64	1067	107	62	15	311	210	302	210
WCA	7	WCA_07	NY	C	9082017	42.49206	-74.64082	571	21	58	113	30	9162	245	-128	373	151	-54	171	-65	1063	106	61	15	310	208	302	208
WHI	1	WHI_01	NY	C	9012017	44.39593	-73.90094	893	6.4	33	112	28	9707	226	-166	392	143	-86	153	-97	1135	126	66	17	343	216	341	227
WHI	3	WHI_03	NY	C	9012017	44.39735	-73.89967	881	13.3	25	108	27	9696	216	-172	388	135	-94	145	-104	1229	133	72	16	365	238	363	250
WHI	4	WHI_04	NY	C	9012017	44.39754	-73.89878	877	23	25	108	27	9696	216	-172	388	135	-94	145	-104	1229	133	72	16	365	238	363	250
WHI	5	WHI_05	NY	C	9012017	44.3988	-73.8951	852	21	25	108	27	9696	216	-172	388	135	-94	145	-104	1229	133	72	16	365	238	363	250
WHI	7	WHI_07	NY	C	9012017	44.37091	-73.90691	1208	16.2	11	101	26	9678	196	-183	379	121	-107	131	-118	1412	147	86	14	406	282	405	297
WHI	12	WHI_12	NY	C	9012017	44.39975	-73.85603	573	44	46	117	29	9829	245	-156	401	157	-74	168	-86	995	114	57	19	307	184	305	193
XBM	2	XBM_02	PA	M	10042017	40.73345	-77.75672	552	4.1	83	108	30	8833	266	-91	357	174	-35	193	-35	1048	112	67	15	316	210	303	210
XBM	3	XBM_03	PA	M	10042017	40.73457	-77.75919	561	1.6	83	108	30	8838	267	-91	358	174	-35	193	-35	1045	112	67	15	315	209	303	209
XBM	4	XBM_04	PA	M	10042017	40.73425	-77.75865	556	5.4	83	108	30	8838	267	-91	358	174	-35	193	-35	1045	112	67	15	315	209	303	209
XBM	5	XBM_05	PA	M	10042017	40.73351	-77.75858	555	3.2	83	108	30	8838	267	-91	358	174	-35	193	-35	1045	112	67	15	315	209	303	209
XBM	6	XBM_06	PA	M	10042017	40.73287	-77.75868	553	3.8	84	108	30	8833	266	-90	356	174	-35	194	-35	1045	112	67	15	315	209	303	209
XBM	7	XBM_07	PA	M	10042017	40.73135	-77.7608	566	8.3	84	108	30	8833	266	-90	356	174	-35	194	-35	1045	112	67	15	315	209	303	209
XCS	1	XCS_01	WV	E	9262017	39.53417	-79.48211	777	12.9	81	120	34	8241	255	-94	349	164	94	182	-31	1245	127	84	13	362	271	354	277
XCS	3	XCS_03	WV	E	9262017	39.53408	-79.4812	776	6.4	81	120	34	8241	255	-94	349	164	94	182	-31	1245	127	84	13	362	271	354	277
XCV	1	XCV_01	WV	E	10062017	39.09184	-79.44985	1141	37.9	70	116	34	7967	237	-102	339	151	-38	167	-38	1373	132	97	10	387	311	377	311
XCV	2	XCV_02	WV	E	10062017	39.08964	-79.45225	1129	11.8	71	117	34	7964	239	-101	340	152	-37	169	-37	1364	131	96	10	385	309	374	309
XCV	3	XCV_03	WV	E	10062017	39.08574	-79.4577	1123	30.6	71	117	34	7964	239	-101	340	152	-37	169	-37	1364	131	96	10	385	309	374	309
XCV	4	XCV_04	WV	E	10062017	39.08291	-79.46288	1130	9.5	71	116	34	7944	238	-101	339	151	-37	168	-37	1370	131	97	10	386	311	375	311
XCV	5	XCV_05	WV	E	10062017	39.07191	-79.47373	1113	7.3	72	116	34	7970	239	-101	340	152	-36	169	-36	1365	131	96	10	385	310	374	310
XDS	1	XDS_01	WV	E	10062017	38.97031	-79.34267	1201	20.7	70	114	33	7953	236	-101	337	151	-38	167	-38	1324	126	93	9	371	294	361	294
XDS	2	XDS_02	WV	E	10062017	38.97128	-79.34201	1191	42.3	70	114	33	7953	236	-101	337	151	-38	167	-38	1324	126	93	9	371	294	361	294
XDS	3	XDS_03	WV	E	10062017	38.97446	-79.33907	1203	10.5	69	113	33	7942	234	-102	336	150	-39	166	-39	1334	127	94	9	374	296	363	296
XDS	4	XDS_04	WV	E	10062017	38.98078	-79.33386	1213	34.1	69	114	33	7937	234	-102	336	149	-39	166	-39	1334	127	94	9	374	296	363	296
XDS	5	XDS_05	WV	E	10062017	39.00473	-79.32766	1224	36	68	113	33	7951	233	-104	337	148	-40	165	-40	1343	128	94	9	377	298	366	298
XDS	6	XDS_06	WV	E	10062017	39.04542	-79.31111	1210	36.6	68	113	33	7958	233	-103	336	148	-40	165	-40	1343	128	94	9	377	298	366	298
XFS	1	XFS_01	MD	E	9252017	39.70285	-78.93856	825	15.3	76	116	33	8387	250	-100	350	161	-38	179	-38	1109	110	74	12	321	233	311	233
XFS	2	XFS_02	MD	E	9252017	39.70614	-78.93826	827	25.8	76	116	33	8387	250	-100	350	161	-38	179	-38	1109	110	74	12	321	233	311	233
XFS	3	XFS_03	MD	E	9252017	39.70361	-78.94185	820	11.3	76	116	33	8392	251	-100	351	161	-38	180	-38	1108	110	74	12	321	233	311	233
XGL	2	XGL_02	MD	E	9222017	39.50541	-79.27808	815	16.2	81	121	34	8235	255	-94	349	164	-30	182	-30	1171	119	79	13	341	254	332	254
XGL	3	XGL_03	MD	E	9222017	39.56346	-79.27938	815	13.1	78	119	34	8277	252	-98	350	161	-34	180	-34	1189	120	80	13	345	259	336	259
XGL	4	XGL_04	MD	E	9222017	39.56291	-79.28023	815	29	78	119	34	8277	252	-98	350	161	-34	180	-34	1189	120	80	13	345	259	336	259
XGL	5	XGL_05	MD	E	9222017	39.56215	-79.27727	809	12.6	78	119	34	8277	252	-98	350	161	-34	180	-34	1189	120	80	13	345	259	336	259
XPK	1	XPK_01	WV	E	10232017	38.56175	-79.49467	1340	14.6	69	110	33	7886	231	-101	332	149	-37	166	-37	1344	127	96	8	368	297	358	297
XPK	2	XPK_02	WV	E	10232017	38.56417	-79.49506	1364	46	69	110	33	7886	231	-101	332	149	-37	166	-37	1344	127	96	8	368	297	358	297
XPK	3	XPK_03	WV	E	10232017	38.57069	-79.49226	1309	32.5	68	109	33	7872	228	-102	330	148	-39	164	-39	1363	129	98	8	373	303	362	303
XPK	4	XPK_04	WV	E	10232017	38.56457	-79.49476	1360	31.4	69	110	33	7886	231	-101	332	149	-37	166	-37	1344	127	96	8	368	297	358	297
XSK	1	XSK_01	WV	E	10052017	38.93676	-79.68698	1127	53.5	72	114	33	7947	236	-100	336	153	-36	169	-36	1408	137	100	9	395	321	386	321
XSK	2	XSK_02	WV	E	10052017	38.93525	-79.68056	1101	49.7	80	119	35	7940	246	-93	339	160	-28	177	-28	1334	132	93	11	380	300	373	300
XSK	5	XSK_05	WV	E	10052017	38.94198	-79.66622	919	22.9	79	119	35	7947	246	-94	340	160	-28	177	-28	1336	132	93	10	380	301	373	301
XWS	3	XWS_03	MD	E	9262017	39.66348	-79.09103	787	12.3	76	117	33	8378	250	-100	350	160	-37	179	-37	1136	114	76	13	329	241	320	241
XWS	5	XWS_05	MD	E	9262017	39.65982	-79.09377	788	5.1	77	118	33	8350	251	-99	350	161	-36	180	-36	1125	113	75	13	326	239	317	239
XWS	6	XWS_06	MD	E	9262017	39.65987	-79.09471	788	8	77	118	33	8350	251	-99	350	161	-36	180	-36	1125	113	75	13	326	239	317	239
YRB	1	YRB_01	PA	M	9142017	40.96188	-75.62789	493	16.8	77	113	31	8788	260	-101	361	166	-29	187	-40	1213	120	77	13	347	249	337	254
YRB	2	YRB_02	PA	M	9142017	40.96226	-75.62781	489	8.1	77	113	31	8788	260	-101	361	166	-29	187	-40	1213	120	77	13	347	249	337	254
YRB	3	YRB_03	PA	M	9142017	40.96158	-75.6273	490	34.5	77	113	31	8788	260	-101	361	166	-29	187	-40	1213	120	77	13	347	249	337	254
YRB	4	YRB_04	PA	M	9142017	40.96133	-75.62632	490	26.2	77	113	31	8788	260	-101	361	166	-29	187	-40	1213	120	77	13	347	249	337	254
YRB	5	YRB_05	PA	M	9142017	40.96169	-75.62583	493	28	77	113	31	8788	260	-101	361	166	-29	187	-40	1213	120	77	13	347	249	337	254
